62
2 50
29 4 30 28 39 49 40 33 31 5 7 22 25 50 18 21 14 2 18 28 43 42 17 31 39 45 21 18 28 49 37 32 5 6 4 18 7 46 3 24 44 29 2 37 21 41 3 20 38 24 25 42 14 4 23 12 10 13 2 33 44 20 
47 9 8 49 9 29 8 46 24 48 23 33 40 14 6 19 16 6 39 46 23 46 21 43 42 23 49 35 16 37 14 5 32 21 3 24 1 46 5 30 29 28 13 30 33 16 49 12 45 47 29 37 45 3 46 43 50 20 32 13 32 27 
14 17 35 34 16 43 44 21 7 50 30 3 20 28 41 12 33 49 35 40 16 49 32 43 24 17 31 14 10 34 42 45 50 11 2 37 6 30 20 2 19 1 46 13 25 18 47 45 50 38 15 19 5 15 9 30 46 29 19 28 31 44 
36 21 41 35 11 13 36 43 14 24 5 28 45 38 25 24 38 1 8 36 3 9 41 17 35 40 35 6 1 3 4 44 28 10 44 44 50 14 20 6 13 33 42 29 35 37 25 23 20 37 25 4 17 28 35 3 27 34 19 47 21 10 
50 46 33 23 2 44 5 18 47 41 26 28 35 13 42 24 9 15 33 1 25 46 14 34 6 20 35 18 46 8 19 24 34 33 2 13 14 9 35 46 35 36 13 36 16 22 9 50 7 41 8 50 2 34 18 4 38 46 15 21 20 17 
45 10 46 15 41 7 42 27 49 6 31 28 22 4 29 34 22 46 11 22 41 16 6 22 11 31 21 10 7 47 23 48 33 10 44 4 8 39 42 36 12 33 40 35 38 25 31 24 31 29 35 25 2 16 33 32 38 9 46 39 20 21 
35 43 4 3 43 43 49 32 19 2 24 33 1 44 46 9 7 10 25 10 29 33 44 49 23 47 36 22 30 9 4 10 28 23 29 11 38 41 43 1 2 14 39 6 6 22 23 13 16 35 27 22 19 16 43 13 47 36 46 15 47 11 
39 41 20 10 35 13 50 40 41 2 48 4 28 40 19 49 9 13 16 37 35 38 39 39 41 3 18 49 38 24 40 38 13 11 41 7 20 11 29 13 50 33 27 21 19 13 8 11 34 31 27 19 29 40 5 33 3 1 45 1 24 4 
42 43 18 41 30 20 50 17 40 50 39 27 21 14 8 32 3 34 50 6 11 31 42 33 8 12 13 48 14 8 22 22 15 49 27 48 40 48 26 11 2 39 39 17 22 15 44 4 48 18 7 9 8 45 14 29 5 21 24 10 24 32 
28 35 32 44 37 16 1 27 5 38 3 34 29 49 32 2 47 49 30 40 47 27 38 7 17 34 25 40 44 6 33 21 50 4 28 15 13 8 24 40 12 44 5 19 8 1 19 22 36 24 34 44 10 11 17 21 13 37 30 29 15 33 
15 1 10 34 17 12 43 25 8 35 27 19 17 16 29 6 43 18 23 47 17 8 8 15 17 16 13 43 24 15 16 44 50 35 32 20 23 5 13 24 37 9 28 43 6 23 32 4 24 18 2 8 37 40 25 17 44 21 20 26 26 6 
13 34 1 47 18 30 17 8 32 8 36 44 21 19 37 8 2